26
1 5 5 
1000 0 0
0 0 100

1 5 5 
1000 0 0
0 0 100

1 5 5 
1000 0 0
0 0 100

2 5 5 
1000 0 0
0 0 100
6 18

2 5 5 
1000 0 0
0 0 100
6 18

2 5 5 
1000 0 0
0 0 100
6 18

0 5 5
1000  0 0
0 0 100
3

0 5 5
1000  0 0
0 0 100
3

0 5 5
1000  0 0
0 0 100
3

11 6 1 
1000 0 0
0 0 100

11 6 1 
1000 0 0
0 0 100

11 6 1 
1000 0 0
0 0 100

21 6 1 
1000 0 0
0 0 100

21 6 1 
1000 0 0
0 0 100

21 6 1 
1000 0 0
0 0 100

12 6 1 
1000 0 0
0 0 100
6 18

12 6 1 
1000 0 0
0 0 100
6 18

22 6 1 
1000 0 0
0 0 100
6 18

22 6 1 
1000 0 0
0 0 100
6 18

31 16 1 		
500 500 0	
0 200 0

31 16 1 		
500 500 0	
0 200 0

32 16 1 		
500 500 0	
0 200 0		
6 18

32 16 1 		
500 500 0	
0 200 0		
6 18

31 12 4		
500 500 0	
0 200 0

31 12 4		
500 500 0	
0 200 0

31 12 4		
500 500 0	
0 200 0

